
A =

   450   120   200
   560   123   300
   100   150    26