B =

  202   45   83
  255   46  131
   35   59    0