A = [1 2; 3 0]
C = ~A